# 0 = air
# 1 = player
# 2 = ground
# 3 = platform
# 4 = ennemy 1 (raptor)
# 5 = ennemy 2 (stegosaur)
# 6 = ennemy 3 (argentavis)
# 7 = food
# 8 = exit
#
2222222222222222222222222222222222222222222222222222222222222222222222222222222222222222222222222222                                                                                                 
2                                                                                                  2
2                                                                                                  2
2                                                                                                  2 
2                                                                                                  2
2  6  6  6                                                                                         2
2                      6                                                                           2
2777   7  33                                                                                       2
2777  33                                                       6                                   2
2333                 333    333    333                                     2                       2
2               2                          2                   7           2         6             2
2               2            7             2                   3           233                     2
2              22       7         7        22                                     5     5          2
2 1  2 747 2   22  7    5    7    5    7   22      2  4  2  4  4  4  2     2757  222 7 222    7  8 2
2222222222222222222222222222222222222222222222222222222222222222222222222222222222222222222222222222
